14
1 1
1 2
2 1
2 2
2 3
35 1
35 2
35 3116285494907301261
35 3116285494907301262
35 3116285494907301263
36 3116285494907301262
37 3116285494907301262
100 3116285494907301262
100 1

11
3 1
3 2
3 3
3 4
3 5
4 1
4 2
4 3
4 4
4 5
4 6

5
3 1
3 2
3 3
3 4
3 5

1
100 1000000000000000000
36 3116285494907301262

14
4 1
4 2
4 3
4 4
4 5
4 6
4 7
4 8
4 9
4 10
4 11
4 12
4 13
4 14


3
2 2
3 4
3 6

5, 14, 42, 132, 429, 1430, 4862, 16796, 58786, 208012, 742900, 2674440, 9694845, 35357670, 129644790, 477638700, 1767263190, 6564120420, 24466267020, 91482563640, 343059613650, 1289904147324, 4861946401452, 18367353072152, 69533550916004, 263747951750360, 1002242216651368, 3814986502092304, 14544636039226909, 55534064877048198, 212336130412243110, 812944042149730764, 3116285494907301262, 11959798385860453491}
3